     11  12  13  14  15  16  17  18  19|  21  22  23  24  25  26  27  28  29|  31  32  33  34  35  36  37  38  39|  41  42  43  44  45  46  47  48  49|  51  52  53  54  55  56  57  58  59|  61  62  63  64  65  66  67  68  69|  71  72  73  74  75  76  77  78  79|  81  82  83  84  85  86  87  88  89|  91  92  93  94  95  96  97  98  99|
1:    3   0   0   1  51  10   1 135 135|   0 846   0   0   0   0   2   0   0|   1   0   0   0 461   0   1  51  51|   0   1   0   0   1   0 282   1   1| 796   0   0 151   0   0   0   0   0|   0   0   0 661   0   0  91   0   0|   0   0 413   0   0 677   0   0   0|   0   0   0   0   1   1 282   1   1|   0   0 547   0   0   0 106   0   0|
1:    3   0   0   1  51  10   1 135 135|   0 846   0   0   0   0   2   0   0|   1   0   0   0 461   0   1  51  51|   0   1   0   0   1   0 282   1   1| 796   0   0 151   0   0   0   0   0|   0   0   0 661   0   0  91   0   0|   0   0 413   0   0 677   0   0   0|   0   0   0   0   1   1 282   1   1|   0   0 547   0   0   0 106   0   0|
1:    3   0   0   1  51  10   1 135 135|   0 846   0   0   0   0   2   0   0|   1   0   0   0 461   0   1  51  51|   0   1   0   0   1   0 282   1   1| 796   0   0 151   0   0   0   0   0|   0   0   0 661   0   0  91   0   0|   0   0 413   0   0 677   0   0   0|   0   0   0   0   1   1 282   1   1|   0   0 547   0   0   0 106   0   0|
1:    3   0   0   1  51  10   1 135 135|   0 846   0   0   0   0   2   0   0|   1   0   0   0 461   0   1  51  51|   0   1   0   0   1   0 282   1   1| 796   0   0 151   0   0   0   0   0|   0   0   0 661   0   0  91   0   0|   0   0 413   0   0 677   0   0   0|   0   0   0   0   1   1 282   1   1|   0   0 547   0   0   0 106   0   0|
1:    3   0   0   1  51  10   1 135 135|   0 846   0   0   0   0   2   0   0|   1   0   0   0 461   0   1  51  51|   0   1   0   0   1   0 282   1   1| 796   0   0 151   0   0   0   0   0|   0   0   0 661   0   0  91   0   0|   0   0 413   0   0 677   0   0   0|   0   0   0   0   1   1 282   1   1|   0   0 547   0   0   0 106   0   0|
1:    3   0   0   1  51  10   1 135 135|   0 846   0   0   0   0   2   0   0|   1   0   0   0 461   0   1  51  51|   0   1   0   0   1   0 282   1   1| 796   0   0 151   0   0   0   0   0|   0   0   0 661   0   0  91   0   0|   0   0 413   0   0 677   0   0   0|   0   0   0   0   1   1 282   1   1|   0   0 547   0   0   0 106   0   0|
1:    3   0   0   1  51  10   1 135 135|   0 846   0   0   0   0   2   0   0|   1   0   0   0 461   0   1  51  51|   0   1   0   0   1   0 282   1   1| 796   0   0 151   0   0   0   0   0|   0   0   0 661   0   0  91   0   0|   0   0 413   0   0 677   0   0   0|   0   0   0   0   1   1 282   1   1|   0   0 547   0   0   0 106   0   0|
1:    3   0   0   1  51  10   1 135 135|   0 846   0   0   0   0   2   0   0|   1   0   0   0 461   0   1  51  51|   0   1   0   0   1   0 282   1   1| 796   0   0 151   0   0   0   0   0|   0   0   0 661   0   0  91   0   0|   0   0 413   0   0 677   0   0   0|   0   0   0   0   1   1 282   1   1|   0   0 547   0   0   0 106   0   0|
1:    3   0   0   1  51  10   1 135 135|   0 846   0   0   0   0   2   0   0|   1   0   0   0 461   0   1  51  51|   0   1   0   0   1   0 282   1   1| 796   0   0 151   0   0   0   0   0|   0   0   0 661   0   0  91   0   0|   0   0 413   0   0 677   0   0   0|   0   0   0   0   1   1 282   1   1|   0   0 547   0   0   0 106   0   0|
----------------------------------------------------------------------------------------------------------------------------------------------------------------------------------------------------------------------------------------------------------------------------------------------------------------------------------------------------
2:    0   0 999   0   0   0   0   0   0|   0   0   0   0   0   0   0   0   0|   0   0   0   0   0   0   0   0   0|   0   0   0   0   0   0   0   0   0|   0   0   0   0   0   0   0   0   0|   0   0   0   0   0   0   0   0   0|   0   0   0   0   0   0   0   0   0|   0   0   0   0   0   0   0   0   0|   0   0   0   0   0   0   0   0   0|
2:    0   0   0   0   0   0   0   0   0|   0   0   0   0   0   0   0   0   0|   0   0   0   0   0   0   0   0   0| 999   0   0   0   0   0   0   0   0|   0   0   0   0   0   0   0   0   0|   0   0   0   0   0   0   0   0   0|   0   0   0   0   0   0   0   0   0|   0   0   0   0   0   0   0   0   0|   0   0   0   0   0   0   0   0   0|
2:    0   0   0   0   0   0   0   0   0|   0   0   0   0   0   0   0   0   0|   0   0   0   0   0   0   0   0   0|   0   0   0   0   0   0   0   0   0|   0   0   0   0   0   0   0   0   0|   0   0   0   0 999   0   0   0   0|   0   0   0   0   0   0   0   0   0|   0   0   0   0   0   0   0   0   0|   0   0   0   0   0   0   0   0   0|
2:    0   0   0   0   0   0   0   0   0|   0   0   0   0   0   0   0   0   0|   0   0   0   0   0   0   0   0   0|   0   0   0   0   0   0   0   0   0|   0   0   0   0   0   0   0   0   0|   0   0   0   0   0   0   0   0   0|   0   0   0   0   0   0   0   0   0|   0   0   0 999   0   0   0   0   0|   0   0   0   0   0   0   0   0   0|
2:    0   0   0   0   0   0   0   0   0|   0   0   0   0   0   0   0   0   0|   0   0   0   0   0   0   0   0   0|   0   0   0   0   0   0   0   0   0|   0   0   0   0   0   0   0 999   0|   0   0   0   0   0   0   0   0   0|   0   0   0   0   0   0   0   0   0|   0   0   0   0   0   0   0   0   0|   0   0   0   0   0   0   0   0   0|
2:    0   0   0   0   0   0   0   0   0|   0   0   0   0   0   0   0   0   0|   0   0   0   0   0   0   0   0   0|   0   0   0   0   0   0   0   0   0|   0   0   0   0   0   0   0   0   0|   0   0   0   0   0   0   0   0   0|   0   0   0   0   0   0   0   0   0|   0   0   0   0   0   0   0   0   0|   0 999   0   0   0   0   0   0   0|
2:    0   0   0   0   0   0   0   0   0|   0   0   0   0   0   0   0   0   0|   0   0   0   0   0 999   0   0   0|   0   0   0   0   0   0   0   0   0|   0   0   0   0   0   0   0   0   0|   0   0   0   0   0   0   0   0   0|   0   0   0   0   0   0   0   0   0|   0   0   0   0   0   0   0   0   0|   0   0   0   0   0   0   0   0   0|
2:    0   0   0   0   0   0   0   0   0|   0   0   0   0   0   0   0   0   0|   0   0   0   0   0   0   0   0   0|   0   0   0   0   0   0   0   0   0|   0   0   0   0   0   0   0   0   0|   0   0   0   0   0   0   0   0   0|   0   0   0   0   0   0 999   0   0|   0   0   0   0   0   0   0   0   0|   0   0   0   0   0   0   0   0   0|
2:    0   0   0   0   0   0   0   0   0|   0   0   0   0   0   0   0   0 999|   0   0   0   0   0   0   0   0   0|   0   0   0   0   0   0   0   0   0|   0   0   0   0   0   0   0   0   0|   0   0   0   0   0   0   0   0   0|   0   0   0   0   0   0   0   0   0|   0   0   0   0   0   0   0   0   0|   0   0   0   0   0   0   0   0   0|
----------------------------------------------------------------------------------------------------------------------------------------------------------------------------------------------------------------------------------------------------------------------------------------------------------------------------------------------------
3:    0 999   0   0   0   0   0   0   0|   0   0   0   0   0   0   0   0   0|   0   0   0   0   0   0   0   0   0|   0   0   0   0   0   0   0   0   0|   0   0   0   0   0   0   0   0   0|   0   0   0   0   0   0   0   0   0|   0   0   0   0   0   0   0   0   0|   0   0   0   0   0   0   0   0   0|   0   0   0   0   0   0   0   0   0|
3:    0   0   0   0   0   0   0   0   0|   0   0   0   0 999   0   0   0   0|   0   0   0   0   0   0   0   0   0|   0   0   0   0   0   0   0   0   0|   0   0   0   0   0   0   0   0   0|   0   0   0   0   0   0   0   0   0|   0   0   0   0   0   0   0   0   0|   0   0   0   0   0   0   0   0   0|   0   0   0   0   0   0   0   0   0|
3:    0   0   0   0   0   0   0   0   0|   0   0   0   0   0   0   0   0   0|   0   0   0   0   0   0   0   0   0|   0   0   0   0   0   0   0   0   0|   0   0   0   0   0 999   0   0   0|   0   0   0   0   0   0   0   0   0|   0   0   0   0   0   0   0   0   0|   0   0   0   0   0   0   0   0   0|   0   0   0   0   0   0   0   0   0|
3:    0   0   0   0   0   0   0   0   0|   0   0   0   0   0   0   0   0   0|   0   0   0   0   0   0   0   0   0|   0   0   0   0   0   0   0   0   0|   0   0   0   0   0   0   0   0   0|   0   0   0   0   0   0   0   0   0|   0   0   0   0   0   0   0   0   0|   0   0   0   0   0   0   0   0   0|   0   0   0   0   0   0   0 999   0|
3:    0   0   0   0   0   0   0   0   0|   0   0   0   0   0   0   0   0   0|   0   0   0   0   0   0   0   0   0|   0   0   0   0   0   0   0   0   0|   0   0   0   0   0   0   0   0   0|   0   0   0   0   0   0   0   0   0|   0   0   0 999   0   0   0   0   0|   0   0   0   0   0   0   0   0   0|   0   0   0   0   0   0   0   0   0|
3:    0   0   0   0   0   0   0   0   0|   0   0   0   0   0   0   0   0   0|   0   0   0   0   0   0   0   0   0|   0   0   0   0   0   0   0   0   0|   0   0   0   0   0   0   0   0   0| 999   0   0   0   0   0   0   0   0|   0   0   0   0   0   0   0   0   0|   0   0   0   0   0   0   0   0   0|   0   0   0   0   0   0   0   0   0|
3:    0   0   0   0   0   0   0   0   0|   0   0   0   0   0   0   0   0   0|   0   0   0   0   0   0   0   0   0|   0   0   0   0   0   0   0   0   0|   0   0   0   0   0   0   0   0   0|   0   0   0   0   0   0   0   0   0|   0   0   0   0   0   0   0   0   0|   0   0 999   0   0   0   0   0   0|   0   0   0   0   0   0   0   0   0|
3:    0   0   0   0   0   0   0   0   0|   0   0   0   0   0   0   0   0   0|   0   0   0   0   0   0 550   0 350|   0   0   0   0   0   0 549   0 347|   0   0   0   0   0   0   0   0   0|   0   0   0   0   0   0   0   0   0|   0   0   0   0   0   0   0   0   0|   0   0   0   0   0   0   0   0   0|   0   0   0   0   0   0   0   0   0|
3:    0   0   0   0   0   0   0   0   0|   0   0   0   0   0   0   0   0   0|   0   0   0   0   0   0 550   0 350|   0   0   0   0   0   0 549   0 347|   0   0   0   0   0   0   0   0   0|   0   0   0   0   0   0   0   0   0|   0   0   0   0   0   0   0   0   0|   0   0   0   0   0   0   0   0   0|   0   0   0   0   0   0   0   0   0|
----------------------------------------------------------------------------------------------------------------------------------------------------------------------------------------------------------------------------------------------------------------------------------------------------------------------------------------------------
4:    0   0   0   0   0   0   0   0   0| 999   0   0   0   0   0   0   0   0|   0   0   0   0   0   0   0   0   0|   0   0   0   0   0   0   0   0   0|   0   0   0   0   0   0   0   0   0|   0   0   0   0   0   0   0   0   0|   0   0   0   0   0   0   0   0   0|   0   0   0   0   0   0   0   0   0|   0   0   0   0   0   0   0   0   0|
4:    0   0   0   0   0   0   0   0   0|   0   0   0   0   0   0   0   0   0|   0   0   0   0   0   0   0   0   0|   0   0 999   0   0   0   0   0   0|   0   0   0   0   0   0   0   0   0|   0   0   0   0   0   0   0   0   0|   0   0   0   0   0   0   0   0   0|   0   0   0   0   0   0   0   0   0|   0   0   0   0   0   0   0   0   0|
4:    0   0   0   0   0   0   0   0   0|   0   0   0   0   0   0   0   0   0|   0   0   0   0   0   0   0   0   0|   0   0   0   0   0   0   0   0   0|   0   0   0   0   0   0   0   0 999|   0   0   0   0   0   0   0   0   0|   0   0   0   0   0   0   0   0   0|   0   0   0   0   0   0   0   0   0|   0   0   0   0   0   0   0   0   0|
4:    0   0   0   0   0   0   0   0   0|   0   0   0   0   0   0   0   0   0|   0   0   0   0   0   0   0   0   0|   0   0   0   0   0   0   0   0   0|   0   0   0   0   0   0   0   0   0|   0   0   0   0   0   0   0   0   0|   0   0   0   0   0   0   0   0   0|   0   0   0   0   0   0   0   0   0|   0   0   0 999   0   0   0   0   0|
4:    0   0   0   0   0   0   0   0   0|   0   0   0   0   0   0   0   0   0|   0   0   0   0   0   0   0   0   0|   0   0   0   0   0   0   0   0   0|   0   0   0   0   0   0   0   0   0|   0   0   0   0   0 999   0   0   0|   0   0   0   0   0   0   0   0   0|   0   0   0   0   0   0   0   0   0|   0   0   0   0   0   0   0   0   0|
4:    0   0   0   0   0   0   0   0   0|   0   0   0   0   0   0   0   0   0|   0   0   0   0   0   0   0   0   0|   0   0   0   0   0   0   0   0   0|   0   0   0   0   0   0   0   0   0|   0   0   0   0   0   0   0   0   0|   0   0   0   0   0   0   0   0   0|   0 999   0   0   0   0   0   0   0|   0   0   0   0   0   0   0   0   0|
4:    0   0   0   0   0   0   0   0   0|   0   0   0   0   0   0   0   0   0|   0   0   0   0   0   0   0   0   0|   0   0   0   0   0   0   0   0   0|   0   0   0   0   0   0   0   0   0|   0   0   0   0   0   0   0   0   0|   0   0   0   0   0   0   0 999   0|   0   0   0   0   0   0   0   0   0|   0   0   0   0   0   0   0   0   0|
4:    0   0   0   0 451   0 541   0   0|   0   0   0   0   0   0   0   0   0|   0   0   0   0 498   0 300   0   0|   0   0   0   0   0   0   0   0   0|   0   0   0   0   0   0   0   0   0|   0   0   0   0   0   0   0   0   0|   0   0   0   0   0   0   0   0   0|   0   0   0   0   0   0   0   0   0|   0   0   0   0   0   0   0   0   0|
4:    0   0   0   0 451   0 541   0   0|   0   0   0   0   0   0   0   0   0|   0   0   0   0 498   0 300   0   0|   0   0   0   0   0   0   0   0   0|   0   0   0   0   0   0   0   0   0|   0   0   0   0   0   0   0   0   0|   0   0   0   0   0   0   0   0   0|   0   0   0   0   0   0   0   0   0|   0   0   0   0   0   0   0   0   0|
----------------------------------------------------------------------------------------------------------------------------------------------------------------------------------------------------------------------------------------------------------------------------------------------------------------------------------------------------
5:    0   0   0   0   0   0   0   0   0|   0   0   0   0   0   0   0   0   0|   0   0   0 999   0   0   0   0   0|   0   0   0   0   0   0   0   0   0|   0   0   0   0   0   0   0   0   0|   0   0   0   0   0   0   0   0   0|   0   0   0   0   0   0   0   0   0|   0   0   0   0   0   0   0   0   0|   0   0   0   0   0   0   0   0   0|
5:    0   0   0   0   0   0   0   0   0|   0   0   0   0   0   0   0   0   0|   0   0   0   0   0   0   0   0   0|   0   0   0   0   0   0   0   0   0|   0   0   0   0   0   0 999   0   0|   0   0   0   0   0   0   0   0   0|   0   0   0   0   0   0   0   0   0|   0   0   0   0   0   0   0   0   0|   0   0   0   0   0   0   0   0   0|
5:    0   0   0   0   0   0   0   0   0|   0   0   0   0   0   0   0   0   0|   0   0   0   0   0   0   0   0   0|   0   0   0   0   0   0   0   0   0|   0   0   0   0   0   0   0   0   0|   0 999   0   0   0   0   0   0   0|   0   0   0   0   0   0   0   0   0|   0   0   0   0   0   0   0   0   0|   0   0   0   0   0   0   0   0   0|
5:    0   0   0   0   0   0   0   0   0|   0   0 999   0   0   0   0   0   0|   0   0   0   0   0   0   0   0   0|   0   0   0   0   0   0   0   0   0|   0   0   0   0   0   0   0   0   0|   0   0   0   0   0   0   0   0   0|   0   0   0   0   0   0   0   0   0|   0   0   0   0   0   0   0   0   0|   0   0   0   0   0   0   0   0   0|
5:    0   0   0   0   0   0   0   0   0|   0   0   0   0   0   0   0   0   0|   0   0   0   0   0   0   0   0   0|   0   0   0   0   0   0   0   0   0|   0   0   0   0   0   0   0   0   0|   0   0   0   0   0   0   0   0   0| 999   0   0   0   0   0   0   0   0|   0   0   0   0   0   0   0   0   0|   0   0   0   0   0   0   0   0   0|
5:    0   0   0   0   0   0   0   0   0|   0   0   0   0   0   0   0   0   0|   0   0   0   0   0   0   0   0   0|   0   0   0   0   0   0   0   0   0|   0   0   0   0   0   0   0   0   0|   0   0   0   0   0   0   0   0   0|   0   0   0   0   0   0   0   0   0|   0   0   0   0   0   0   0   0   0|   0   0   0   0 999   0   0   0   0|
5:    0   0   0   0   0   0   0   0   0|   0   0   0   0   0   0   0   0   0|   0   0   0   0   0   0   0   0   0|   0   0   0   0   0 999   0   0   0|   0   0   0   0   0   0   0   0   0|   0   0   0   0   0   0   0   0   0|   0   0   0   0   0   0   0   0   0|   0   0   0   0   0   0   0   0   0|   0   0   0   0   0   0   0   0   0|
5:    0   0   0   0   0   0   0 550 350|   0   0   0   0   0   0   0   0   0|   0   0   0   0   0   0   0   0   0|   0   0   0   0   0   0   0   0   0|   0   0   0   0   0   0   0   0   0|   0   0   0   0   0   0   0   0   0|   0   0   0   0   0   0   0   0   0|   0   0   0   0   0   0   0 549 347|   0   0   0   0   0   0   0   0   0|
5:    0   0   0   0   0   0   0 550 350|   0   0   0   0   0   0   0   0   0|   0   0   0   0   0   0   0   0   0|   0   0   0   0   0   0   0   0   0|   0   0   0   0   0   0   0   0   0|   0   0   0   0   0   0   0   0   0|   0   0   0   0   0   0   0   0   0|   0   0   0   0   0   0   0 549 347|   0   0   0   0   0   0   0   0   0|
----------------------------------------------------------------------------------------------------------------------------------------------------------------------------------------------------------------------------------------------------------------------------------------------------------------------------------------------------
6:    0   0   0   0   0   0   0   0   0|   0   0   0   0   0   0   0 999   0|   0   0   0   0   0   0   0   0   0|   0   0   0   0   0   0   0   0   0|   0   0   0   0   0   0   0   0   0|   0   0   0   0   0   0   0   0   0|   0   0   0   0   0   0   0   0   0|   0   0   0   0   0   0   0   0   0|   0   0   0   0   0   0   0   0   0|
6:    0   0   0   0   0   0   0   0   0|   0   0   0   0   0   0   0   0   0|   0   0   0   0   0   0   0   0   0|   0   0   0   0   0   0   0   0   0|   0   0   0   0   0   0   0   0   0|   0   0   0   0   0   0   0   0   0|   0 999   0   0   0   0   0   0   0|   0   0   0   0   0   0   0   0   0|   0   0   0   0   0   0   0   0   0|
6:    0   0   0   0   0   0   0   0   0|   0   0   0   0   0   0   0   0   0|   0   0   0   0   0   0   0   0   0|   0   0   0   0   0   0   0   0   0|   0   0   0   0   0   0   0   0   0|   0   0   0   0   0   0   0   0   0|   0   0   0   0   0   0   0   0   0|   0   0   0   0   0   0   0   0   0|   0   0   0   0   0   0   0   0 999|
6:    0   0   0   0   0   0   0   0   0|   0   0   0   0   0   0   0   0   0|   0   0   0   0   0   0   0   0   0|   0   0   0   0   0   0   0   0   0|   0   0 999   0   0   0   0   0   0|   0   0   0   0   0   0   0   0   0|   0   0   0   0   0   0   0   0   0|   0   0   0   0   0   0   0   0   0|   0   0   0   0   0   0   0   0   0|
6:  157   0   0 251   1 245   0   0   0|   0   0   0   0   0   0   0   0   0| 787   0   0   0   2   0   0   0   0|   0   0   0   0 302   0 594   0   0|   0   0   0   0   0   0   0   0   0|   0   0   0 597   0   0 300   0   0|   0   0   0   0   0   0   0   0   0|   0   0   0   0 401 492   0   0   0|   0   0   0   0   0   0   0   0   0|
6:  157   0   0 251   1 245   0   0   0|   0   0   0   0   0   0   0   0   0| 787   0   0   0   2   0   0   0   0|   0   0   0   0 302   0 594   0   0|   0   0   0   0   0   0   0   0   0|   0   0   0 597   0   0 300   0   0|   0   0   0   0   0   0   0   0   0|   0   0   0   0 401 492   0   0   0|   0   0   0   0   0   0   0   0   0|
6:  157   0   0 251   1 245   0   0   0|   0   0   0   0   0   0   0   0   0| 787   0   0   0   2   0   0   0   0|   0   0   0   0 302   0 594   0   0|   0   0   0   0   0   0   0   0   0|   0   0   0 597   0   0 300   0   0|   0   0   0   0   0   0   0   0   0|   0   0   0   0 401 492   0   0   0|   0   0   0   0   0   0   0   0   0|
6:  157   0   0 251   1 245   0   0   0|   0   0   0   0   0   0   0   0   0| 787   0   0   0   2   0   0   0   0|   0   0   0   0 302   0 594   0   0|   0   0   0   0   0   0   0   0   0|   0   0   0 597   0   0 300   0   0|   0   0   0   0   0   0   0   0   0|   0   0   0   0 401 492   0   0   0|   0   0   0   0   0   0   0   0   0|
6:  157   0   0 251   1 245   0   0   0|   0   0   0   0   0   0   0   0   0| 787   0   0   0   2   0   0   0   0|   0   0   0   0 302   0 594   0   0|   0   0   0   0   0   0   0   0   0|   0   0   0 597   0   0 300   0   0|   0   0   0   0   0   0   0   0   0|   0   0   0   0 401 492   0   0   0|   0   0   0   0   0   0   0   0   0|
----------------------------------------------------------------------------------------------------------------------------------------------------------------------------------------------------------------------------------------------------------------------------------------------------------------------------------------------------
7:    0   0   0   0   0   0   0   0   0|   0   0   0   0   0 999   0   0   0|   0   0   0   0   0   0   0   0   0|   0   0   0   0   0   0   0   0   0|   0   0   0   0   0   0   0   0   0|   0   0   0   0   0   0   0   0   0|   0   0   0   0   0   0   0   0   0|   0   0   0   0   0   0   0   0   0|   0   0   0   0   0   0   0   0   0|
7:    0   0   0   0   0   0   0   0   0|   0   0   0   0   0   0   0   0   0|   0   0   0   0   0   0   0   0   0|   0   0   0   0   0   0   0   0   0|   0 999   0   0   0   0   0   0   0|   0   0   0   0   0   0   0   0   0|   0   0   0   0   0   0   0   0   0|   0   0   0   0   0   0   0   0   0|   0   0   0   0   0   0   0   0   0|
7:    0   0   0   0   0   0   0   0   0|   0   0   0   0   0   0   0   0   0|   0   0   0   0   0   0   0   0   0|   0   0   0   0   0   0   0   0   0|   0   0   0   0   0   0   0   0   0|   0   0   0   0   0   0   0   0 999|   0   0   0   0   0   0   0   0   0|   0   0   0   0   0   0   0   0   0|   0   0   0   0   0   0   0   0   0|
7:    0   0   0   0   0   0   0   0   0|   0   0   0   0   0   0   0   0   0|   0   0   0   0   0   0   0   0   0|   0   0   0   0   0   0   0   0   0|   0   0   0   0   0   0   0   0   0|   0   0   0   0   0   0   0   0   0|   0   0   0   0   0   0   0   0   0|   0   0   0   0   0   0   0   0   0| 999   0   0   0   0   0   0   0   0|
7:    0   0   0   0   0   0   0   0   0|   0   0   0   0   0   0   0   0   0|   0   0 999   0   0   0   0   0   0|   0   0   0   0   0   0   0   0   0|   0   0   0   0   0   0   0   0   0|   0   0   0   0   0   0   0   0   0|   0   0   0   0   0   0   0   0   0|   0   0   0   0   0   0   0   0   0|   0   0   0   0   0   0   0   0   0|
7:    0   0   0   0   0   0   0   0   0|   0   0   0   0   0   0   0   0   0|   0   0   0   0   0   0   0   0   0|   0   0   0 999   0   0   0   0   0|   0   0   0   0   0   0   0   0   0|   0   0   0   0   0   0   0   0   0|   0   0   0   0   0   0   0   0   0|   0   0   0   0   0   0   0   0   0|   0   0   0   0   0   0   0   0   0|
7:    0   0   0   0   0   0   0   0   0|   0   0   0   0   0   0   0   0   0|   0   0   0   0   0   0   0   0   0|   0   0   0   0   0   0   0   0   0|   0   0   0   0   0   0   0   0   0|   0   0   0   0   0   0   0   0   0|   0   0   0   0 999   0   0   0   0|   0   0   0   0   0   0   0   0   0|   0   0   0   0   0   0   0   0   0|
7:    0   0   0   0   0   0 550 350   0|   0   0   0   0   0   0   0   0   0|   0   0   0   0   0   0   0   0   0|   0   0   0   0   0   0   0   0   0|   0   0   0   0   0   0   0   0   0|   0   0   0   0   0   0   0   0   0|   0   0   0   0   0   0   0   0   0|   0   0   0   0   0   0 549 347   0|   0   0   0   0   0   0   0   0   0|
7:    0   0   0   0   0   0 550 350   0|   0   0   0   0   0   0   0   0   0|   0   0   0   0   0   0   0   0   0|   0   0   0   0   0   0   0   0   0|   0   0   0   0   0   0   0   0   0|   0   0   0   0   0   0   0   0   0|   0   0   0   0   0   0   0   0   0|   0   0   0   0   0   0 549 347   0|   0   0   0   0   0   0   0   0   0|
----------------------------------------------------------------------------------------------------------------------------------------------------------------------------------------------------------------------------------------------------------------------------------------------------------------------------------------------------
8:    0   0   0   0   0   0   0   0   0|   0   0   0 999   0   0   0   0   0|   0   0   0   0   0   0   0   0   0|   0   0   0   0   0   0   0   0   0|   0   0   0   0   0   0   0   0   0|   0   0   0   0   0   0   0   0   0|   0   0   0   0   0   0   0   0   0|   0   0   0   0   0   0   0   0   0|   0   0   0   0   0   0   0   0   0|
8:    0   0   0   0   0   0   0   0   0|   0   0   0   0   0   0   0   0   0|   0   0   0   0   0   0   0   0   0|   0   0   0   0   0   0   0   0   0|   0   0   0   0   0   0   0   0   0|   0   0 999   0   0   0   0   0   0|   0   0   0   0   0   0   0   0   0|   0   0   0   0   0   0   0   0   0|   0   0   0   0   0   0   0   0   0|
8:    0   0   0   0   0   0   0   0   0|   0   0   0   0   0   0   0   0   0|   0   0   0   0   0   0   0   0   0|   0   0   0   0   0   0   0   0   0|   0   0   0   0   0   0   0   0   0|   0   0   0   0   0   0   0   0   0|   0   0   0   0   0   0   0   0 999|   0   0   0   0   0   0   0   0   0|   0   0   0   0   0   0   0   0   0|
8:    0   0   0   0   0   0   0   0   0|   0   0   0   0   0   0   0   0   0|   0   0   0   0   0   0   0   0   0|   0   0   0   0   0   0   0   0   0|   0   0   0   0 999   0   0   0   0|   0   0   0   0   0   0   0   0   0|   0   0   0   0   0   0   0   0   0|   0   0   0   0   0   0   0   0   0|   0   0   0   0   0   0   0   0   0|
8:    0   0   0   0   0   0   0   0   0|   0   0   0   0   0   0   0   0   0|   0 999   0   0   0   0   0   0   0|   0   0   0   0   0   0   0   0   0|   0   0   0   0   0   0   0   0   0|   0   0   0   0   0   0   0   0   0|   0   0   0   0   0   0   0   0   0|   0   0   0   0   0   0   0   0   0|   0   0   0   0   0   0   0   0   0|
8:    0   0   0   0   0   0   0   0   0|   0   0   0   0   0   0   0   0   0|   0   0   0   0   0   0   0   0   0|   0   0   0   0   0   0   0   0   0|   0   0   0   0   0   0   0   0   0|   0   0   0   0   0   0   0   0   0|   0   0   0   0   0   0   0   0   0| 999   0   0   0   0   0   0   0   0|   0   0   0   0   0   0   0   0   0|
8:    0   0   0   0   0   0   0   0   0|   0   0   0   0   0   0   0   0   0|   0   0   0   0   0   0   0   0   0|   0   0   0   0   0   0   0   0   0|   0   0   0   0   0   0   0   0   0|   0   0   0   0   0   0   0   0   0|   0   0   0   0   0   0   0   0   0|   0   0   0   0   0   0   0   0   0|   0   0   0   0   0 999   0   0   0|
8:    0   0   0   0   0   0 550 350   0|   0   0   0   0   0   0   0   0   0|   0   0   0   0   0   0   0   0   0|   0   0   0   0   0   0 549 347   0|   0   0   0   0   0   0   0   0   0|   0   0   0   0   0   0   0   0   0|   0   0   0   0   0   0   0   0   0|   0   0   0   0   0   0   0   0   0|   0   0   0   0   0   0   0   0   0|
8:    0   0   0   0   0   0 550 350   0|   0   0   0   0   0   0   0   0   0|   0   0   0   0   0   0   0   0   0|   0   0   0   0   0   0 549 347   0|   0   0   0   0   0   0   0   0   0|   0   0   0   0   0   0   0   0   0|   0   0   0   0   0   0   0   0   0|   0   0   0   0   0   0   0   0   0|   0   0   0   0   0   0   0   0   0|
----------------------------------------------------------------------------------------------------------------------------------------------------------------------------------------------------------------------------------------------------------------------------------------------------------------------------------------------------
9:    0   0   0   0   0   0   0   0   0|   0   0   0   0   0   0   0   0   0|   0   0   0   0   0   0   0   0   0|   0   0   0   0   0   0   0   0   0|   0   0   0   0   0   0   0   0   0|   0   0   0   0   0   0   0 999   0|   0   0   0   0   0   0   0   0   0|   0   0   0   0   0   0   0   0   0|   0   0   0   0   0   0   0   0   0|
9:    1   0   0 241   1  16   1   0 229|   0 642   0   0   0   0 151   0   0| 198   0   0   0 231   0   1   0   3|   0 405   0   0 392   0   0   0   0| 503   0   0 492   0   0   0   0   0|   0   0   0   0   0   0   0   0   0|   0   0 461   0   0 465   0   0   0|   0   0   0   0 128 151   2   0 337|   0   0 494   0   0   0 344   0   0|
9:    1   0   0 241   1  16   1   0 229|   0 642   0   0   0   0 151   0   0| 198   0   0   0 231   0   1   0   3|   0 405   0   0 392   0   0   0   0| 503   0   0 492   0   0   0   0   0|   0   0   0   0   0   0   0   0   0|   0   0 461   0   0 465   0   0   0|   0   0   0   0 128 151   2   0 337|   0   0 494   0   0   0 344   0   0|
9:    1   0   0 241   1  16   1   0 229|   0 642   0   0   0   0 151   0   0| 198   0   0   0 231   0   1   0   3|   0 405   0   0 392   0   0   0   0| 503   0   0 492   0   0   0   0   0|   0   0   0   0   0   0   0   0   0|   0   0 461   0   0 465   0   0   0|   0   0   0   0 128 151   2   0 337|   0   0 494   0   0   0 344   0   0|
9:    1   0   0 241   1  16   1   0 229|   0 642   0   0   0   0 151   0   0| 198   0   0   0 231   0   1   0   3|   0 405   0   0 392   0   0   0   0| 503   0   0 492   0   0   0   0   0|   0   0   0   0   0   0   0   0   0|   0   0 461   0   0 465   0   0   0|   0   0   0   0 128 151   2   0 337|   0   0 494   0   0   0 344   0   0|
9:    1   0   0 241   1  16   1   0 229|   0 642   0   0   0   0 151   0   0| 198   0   0   0 231   0   1   0   3|   0 405   0   0 392   0   0   0   0| 503   0   0 492   0   0   0   0   0|   0   0   0   0   0   0   0   0   0|   0   0 461   0   0 465   0   0   0|   0   0   0   0 128 151   2   0 337|   0   0 494   0   0   0 344   0   0|
9:    1   0   0 241   1  16   1   0 229|   0 642   0   0   0   0 151   0   0| 198   0   0   0 231   0   1   0   3|   0 405   0   0 392   0   0   0   0| 503   0   0 492   0   0   0   0   0|   0   0   0   0   0   0   0   0   0|   0   0 461   0   0 465   0   0   0|   0   0   0   0 128 151   2   0 337|   0   0 494   0   0   0 344   0   0|
9:    1   0   0 241   1  16   1   0 229|   0 642   0   0   0   0 151   0   0| 198   0   0   0 231   0   1   0   3|   0 405   0   0 392   0   0   0   0| 503   0   0 492   0   0   0   0   0|   0   0   0   0   0   0   0   0   0|   0   0 461   0   0 465   0   0   0|   0   0   0   0 128 151   2   0 337|   0   0 494   0   0   0 344   0   0|
9:    1   0   0 241   1  16   1   0 229|   0 642   0   0   0   0 151   0   0| 198   0   0   0 231   0   1   0   3|   0 405   0   0 392   0   0   0   0| 503   0   0 492   0   0   0   0   0|   0   0   0   0   0   0   0   0   0|   0   0 461   0   0 465   0   0   0|   0   0   0   0 128 151   2   0 337|   0   0 494   0   0   0 344   0   0|
----------------------------------------------------------------------------------------------------------------------------------------------------------------------------------------------------------------------------------------------------------------------------------------------------------------------------------------------------
