     11  12  13  14  15  16  17  18  19|  21  22  23  24  25  26  27  28  29|  31  32  33  34  35  36  37  38  39|  41  42  43  44  45  46  47  48  49|  51  52  53  54  55  56  57  58  59|  61  62  63  64  65  66  67  68  69|  71  72  73  74  75  76  77  78  79|  81  82  83  84  85  86  87  88  89|  91  92  93  94  95  96  97  98  99|
1:    1   0   0   1   1   1   1   1   1|   0   1   1   0   0   0   1   0   1|   1   0   0   0   1   0   1   1   1|   0   1   0   0   1   1   1   1   1|   1   0   1   1   0   0   0   0   0|   0   1   0   1   0   0   1   0   0|   1   0   1   0   1   1   1   1   0|   0   0   1   0   1   1   1   1   1|   0   0   1   0   1   1   1   0   0|
1:    1   0   0   1   1   1   1   1   1|   0   1   1   0   0   0   1   0   1|   1   0   0   0   1   0   1   1   1|   0   1   0   0   1   1   1   1   1|   1   0   1   1   0   0   0   0   0|   0   1   0   1   0   0   1   0   0|   1   0   1   0   1   1   1   1   0|   0   0   1   0   1   1   1   1   1|   0   0   1   0   1   1   1   0   0|
1:    1   0   0   1   1   1   1   1   1|   0   1   1   0   0   0   1   0   1|   1   0   0   0   1   0   1   1   1|   0   1   0   0   1   1   1   1   1|   1   0   1   1   0   0   0   0   0|   0   1   0   1   0   0   1   0   0|   1   0   1   0   1   1   1   1   0|   0   0   1   0   1   1   1   1   1|   0   0   1   0   1   1   1   0   0|
1:    1   0   0   1   1   1   1   1   1|   0   1   1   0   0   0   1   0   1|   1   0   0   0   1   0   1   1   1|   0   1   0   0   1   1   1   1   1|   1   0   1   1   0   0   0   0   0|   0   1   0   1   0   0   1   0   0|   1   0   1   0   1   1   1   1   0|   0   0   1   0   1   1   1   1   1|   0   0   1   0   1   1   1   0   0|
1:    1   0   0   1   1   1   1   1   1|   0   1   1   0   0   0   1   0   1|   1   0   0   0   1   0   1   1   1|   0   1   0   0   1   1   1   1   1|   1   0   1   1   0   0   0   0   0|   0   1   0   1   0   0   1   0   0|   1   0   1   0   1   1   1   1   0|   0   0   1   0   1   1   1   1   1|   0   0   1   0   1   1   1   0   0|
1:    1   0   0   1   1   1   1   1   1|   0   1   1   0   0   0   1   0   1|   1   0   0   0   1   0   1   1   1|   0   1   0   0   1   1   1   1   1|   1   0   1   1   0   0   0   0   0|   0   1   0   1   0   0   1   0   0|   1   0   1   0   1   1   1   1   0|   0   0   1   0   1   1   1   1   1|   0   0   1   0   1   1   1   0   0|
1:    1   0   0   1   1   1   1   1   1|   0   1   1   0   0   0   1   0   1|   1   0   0   0   1   0   1   1   1|   0   1   0   0   1   1   1   1   1|   1   0   1   1   0   0   0   0   0|   0   1   0   1   0   0   1   0   0|   1   0   1   0   1   1   1   1   0|   0   0   1   0   1   1   1   1   1|   0   0   1   0   1   1   1   0   0|
1:    1   0   0   1   1   1   1   1   1|   0   1   1   0   0   0   1   0   1|   1   0   0   0   1   0   1   1   1|   0   1   0   0   1   1   1   1   1|   1   0   1   1   0   0   0   0   0|   0   1   0   1   0   0   1   0   0|   1   0   1   0   1   1   1   1   0|   0   0   1   0   1   1   1   1   1|   0   0   1   0   1   1   1   0   0|
1:    1   0   0   1   1   1   1   1   1|   0   1   1   0   0   0   1   0   1|   1   0   0   0   1   0   1   1   1|   0   1   0   0   1   1   1   1   1|   1   0   1   1   0   0   0   0   0|   0   1   0   1   0   0   1   0   0|   1   0   1   0   1   1   1   1   0|   0   0   1   0   1   1   1   1   1|   0   0   1   0   1   1   1   0   0|
----------------------------------------------------------------------------------------------------------------------------------------------------------------------------------------------------------------------------------------------------------------------------------------------------------------------------------------------------
2:    0   0 999   0   0   0   0   0   0|   0   0   0   0   0   0   0   0   0|   0   0   0   0   0   0   0   0   0|   0   0   0   0   0   0   0   0   0|   0   0   0   0   0   0   0   0   0|   0   0   0   0   0   0   0   0   0|   0   0   0   0   0   0   0   0   0|   0   0   0   0   0   0   0   0   0|   0   0   0   0   0   0   0   0   0|
2:    0   0   0   0   0   0   0   0   0|   0   0   0   0   0   0   0   0   0|   0   0   0   0   0   0   0   0   0| 999   0   0   0   0   0   0   0   0|   0   0   0   0   0   0   0   0   0|   0   0   0   0   0   0   0   0   0|   0   0   0   0   0   0   0   0   0|   0   0   0   0   0   0   0   0   0|   0   0   0   0   0   0   0   0   0|
2:    0   0   0   0   0   0   0   0   0|   0   0   0   0   0   0   0   0   0|   0   0   0   0   0   0   0   0   0|   0   0   0   0   0   0   0   0   0|   0   0   0   0   0   0   0   0   0|   0   0   0   0 999   0   0   0   0|   0   0   0   0   0   0   0   0   0|   0   0   0   0   0   0   0   0   0|   0   0   0   0   0   0   0   0   0|
2:    0   0   0   0   0   0   0   0   0|   0   0   0   0   0   0   0   0   0|   0   0   0   0   0   0   0   0   0|   0   0   0   0   0   0   0   0   0|   0   0   0   0   0   0   0   0   0|   0   0   0   0   0   0   0   0   0|   0   0   0   0   0   0   0   0   0|   0   0   0 999   0   0   0   0   0|   0   0   0   0   0   0   0   0   0|
2:    0   0   0   0   0   0   0   0   0|   0   0   0   0   0   0   0   0   0|   0   0   0   0   0   0   0   0   0|   0   0   0   0   0   0   0   0   0|   0   0   0   0   0   0   0 999   0|   0   0   0   0   0   0   0   0   0|   0   0   0   0   0   0   0   0   0|   0   0   0   0   0   0   0   0   0|   0   0   0   0   0   0   0   0   0|
2:    0   0   0   0   0   0   0   0   0|   0   0   0   0   0   0   0   0   0|   0   0   0   0   0   0   0   0   0|   0   0   0   0   0   0   0   0   0|   0   0   0   0   0   0   0   0   0|   0   0   0   0   0   0   0   0   0|   0   0   0   0   0   0   0   0   0|   0   0   0   0   0   0   0   0   0|   0 999   0   0   0   0   0   0   0|
2:    0   0   0   0   0   0   0   0   0|   0   0   0   0   0   0   0   0   0|   0   0   0   0   0 999   0   0   0|   0   0   0   0   0   0   0   0   0|   0   0   0   0   0   0   0   0   0|   0   0   0   0   0   0   0   0   0|   0   0   0   0   0   0   0   0   0|   0   0   0   0   0   0   0   0   0|   0   0   0   0   0   0   0   0   0|
2:    0   0   0   0   0   0   0   0   0|   0   0   0   0   0   0   1   0   1|   0   0   0   0   0   0   0   0   0|   0   0   0   0   0   0   0   0   0|   0   0   0   0   0   0   0   0   0|   0   0   0   0   0   0   0   0   0|   0   0   0   0   0   0   1   0   0|   0   0   0   0   0   0   0   0   0|   0   0   0   0   0   0   0   0   0|
2:    0   0   0   0   0   0   0   0   0|   0   0   0   0   0   0   1   0   1|   0   0   0   0   0   0   0   0   0|   0   0   0   0   0   0   0   0   0|   0   0   0   0   0   0   0   0   0|   0   0   0   0   0   0   0   0   0|   0   0   0   0   0   0   1   0   0|   0   0   0   0   0   0   0   0   0|   0   0   0   0   0   0   0   0   0|
----------------------------------------------------------------------------------------------------------------------------------------------------------------------------------------------------------------------------------------------------------------------------------------------------------------------------------------------------
3:    0 999   0   0   0   0   0   0   0|   0   0   0   0   0   0   0   0   0|   0   0   0   0   0   0   0   0   0|   0   0   0   0   0   0   0   0   0|   0   0   0   0   0   0   0   0   0|   0   0   0   0   0   0   0   0   0|   0   0   0   0   0   0   0   0   0|   0   0   0   0   0   0   0   0   0|   0   0   0   0   0   0   0   0   0|
3:    0   0   0   0   0   0   0   0   0|   0   0   0   0 999   0   0   0   0|   0   0   0   0   0   0   0   0   0|   0   0   0   0   0   0   0   0   0|   0   0   0   0   0   0   0   0   0|   0   0   0   0   0   0   0   0   0|   0   0   0   0   0   0   0   0   0|   0   0   0   0   0   0   0   0   0|   0   0   0   0   0   0   0   0   0|
3:    0   0   0   0   0   0   0   0   0|   0   0   0   0   0   0   0   0   0|   0   0   0   0   0   0   0   0   0|   0   0   0   0   0   0   0   0   0|   0   0   0   0   0 999   0   0   0|   0   0   0   0   0   0   0   0   0|   0   0   0   0   0   0   0   0   0|   0   0   0   0   0   0   0   0   0|   0   0   0   0   0   0   0   0   0|
3:    0   0   0   0   0   0   0   0   0|   0   0   0   0   0   0   0   0   0|   0   0   0   0   0   0   0   0   0|   0   0   0   0   0   0   0   0   0|   0   0   0   0   0   0   0   0   0|   0   0   0   0   0   0   0   0   0|   0   0   0   0   0   0   0   0   0|   0   0   0   0   0   0   0   0   0|   0   0   0   0   0   0   0 999   0|
3:    0   0   0   0   0   0   0   0   0|   0   0   0   0   0   0   0   0   0|   0   0   0   0   0   0   0   0   0|   0   0   0   0   0   0   0   0   0|   0   0   0   0   0   0   0   0   0|   0   0   0   0   0   0   0   0   0|   0   0   0 999   0   0   0   0   0|   0   0   0   0   0   0   0   0   0|   0   0   0   0   0   0   0   0   0|
3:    0   0   0   0   0   0   0   0   0|   0   0   0   0   0   0   0   0   0|   0   0   0   0   0   0   0   0   0|   0   0   0   0   0   0   0   0   0|   0   0   0   0   0   0   0   0   0| 999   0   0   0   0   0   0   0   0|   0   0   0   0   0   0   0   0   0|   0   0   0   0   0   0   0   0   0|   0   0   0   0   0   0   0   0   0|
3:    0   0   0   0   0   0   0   0   0|   0   0   0   0   0   0   0   0   0|   0   0   0   0   0   0   1   0   1|   0   0   0   0   0   0   1   0   1|   0   0   0   0   0   0   0   0   0|   0   0   0   0   0   0   0   0   0|   0   0   0   0   0   0   0   0   0|   0   0   1   0   0   0   0   0   0|   0   0   0   0   0   0   0   0   0|
3:    0   0   0   0   0   0   0   0   0|   0   0   0   0   0   0   0   0   0|   0   0   0   0   0   0   1   0   1|   0   0   0   0   0   0   1   0   1|   0   0   0   0   0   0   0   0   0|   0   0   0   0   0   0   0   0   0|   0   0   0   0   0   0   0   0   0|   0   0   1   0   0   0   0   0   0|   0   0   0   0   0   0   0   0   0|
3:    0   0   0   0   0   0   0   0   0|   0   0   0   0   0   0   0   0   0|   0   0   0   0   0   0   1   0   1|   0   0   0   0   0   0   1   0   1|   0   0   0   0   0   0   0   0   0|   0   0   0   0   0   0   0   0   0|   0   0   0   0   0   0   0   0   0|   0   0   1   0   0   0   0   0   0|   0   0   0   0   0   0   0   0   0|
----------------------------------------------------------------------------------------------------------------------------------------------------------------------------------------------------------------------------------------------------------------------------------------------------------------------------------------------------
4:    0   0   0   0   0   0   0   0   0| 999   0   0   0   0   0   0   0   0|   0   0   0   0   0   0   0   0   0|   0   0   0   0   0   0   0   0   0|   0   0   0   0   0   0   0   0   0|   0   0   0   0   0   0   0   0   0|   0   0   0   0   0   0   0   0   0|   0   0   0   0   0   0   0   0   0|   0   0   0   0   0   0   0   0   0|
4:    0   0   0   0   0   0   0   0   0|   0   0   0   0   0   0   0   0   0|   0   0   0   0   0   0   0   0   0|   0   0 999   0   0   0   0   0   0|   0   0   0   0   0   0   0   0   0|   0   0   0   0   0   0   0   0   0|   0   0   0   0   0   0   0   0   0|   0   0   0   0   0   0   0   0   0|   0   0   0   0   0   0   0   0   0|
4:    0   0   0   0   0   0   0   0   0|   0   0   0   0   0   0   0   0   0|   0   0   0   0   0   0   0   0   0|   0   0   0   0   0   0   0   0   0|   0   0   0   0   0   0   0   0 999|   0   0   0   0   0   0   0   0   0|   0   0   0   0   0   0   0   0   0|   0   0   0   0   0   0   0   0   0|   0   0   0   0   0   0   0   0   0|
4:    0   0   0   0   0   0   0   0   0|   0   0   0   0   0   0   0   0   0|   0   0   0   0   0   0   0   0   0|   0   0   0   0   0   0   0   0   0|   0   0   0   0   0   0   0   0   0|   0   0   0   0   0   0   0   0   0|   0   0   0   0   0   0   0   0   0|   0   0   0   0   0   0   0   0   0|   0   0   0 999   0   0   0   0   0|
4:    0   0   0   0   0   0   0   0   0|   0   0   0   0   0   0   0   0   0|   0   0   0   0   0   0   0   0   0|   0   0   0   0   0   0   0   0   0|   0   0   0   0   0   0   0   0   0|   0   0   0   0   0 999   0   0   0|   0   0   0   0   0   0   0   0   0|   0   0   0   0   0   0   0   0   0|   0   0   0   0   0   0   0   0   0|
4:    0   0   0   0   0   0   0   0   0|   0   0   0   0   0   0   0   0   0|   0   0   0   0   0   0   0   0   0|   0   0   0   0   0   0   0   0   0|   0   0   0   0   0   0   0   0   0|   0   0   0   0   0   0   0   0   0|   0   0   0   0   0   0   0   0   0|   0 999   0   0   0   0   0   0   0|   0   0   0   0   0   0   0   0   0|
4:    0   0   0   0   1   0   1   1   0|   0   0   0   0   0   0   0   0   0|   0   0   0   0   1   0   1   1   0|   0   0   0   0   0   0   0   0   0|   0   0   0   0   0   0   0   0   0|   0   0   0   0   0   0   0   0   0|   0   0   0   0   0   0   1   1   0|   0   0   0   0   0   0   0   0   0|   0   0   0   0   0   0   0   0   0|
4:    0   0   0   0   1   0   1   1   0|   0   0   0   0   0   0   0   0   0|   0   0   0   0   1   0   1   1   0|   0   0   0   0   0   0   0   0   0|   0   0   0   0   0   0   0   0   0|   0   0   0   0   0   0   0   0   0|   0   0   0   0   0   0   1   1   0|   0   0   0   0   0   0   0   0   0|   0   0   0   0   0   0   0   0   0|
4:    0   0   0   0   1   0   1   1   0|   0   0   0   0   0   0   0   0   0|   0   0   0   0   1   0   1   1   0|   0   0   0   0   0   0   0   0   0|   0   0   0   0   0   0   0   0   0|   0   0   0   0   0   0   0   0   0|   0   0   0   0   0   0   1   1   0|   0   0   0   0   0   0   0   0   0|   0   0   0   0   0   0   0   0   0|
----------------------------------------------------------------------------------------------------------------------------------------------------------------------------------------------------------------------------------------------------------------------------------------------------------------------------------------------------
5:    0   0   0   0   0   0   0   0   0|   0   0   0   0   0   0   0   0   0|   0   0   0 999   0   0   0   0   0|   0   0   0   0   0   0   0   0   0|   0   0   0   0   0   0   0   0   0|   0   0   0   0   0   0   0   0   0|   0   0   0   0   0   0   0   0   0|   0   0   0   0   0   0   0   0   0|   0   0   0   0   0   0   0   0   0|
5:    0   0   0   0   0   0   0   0   0|   0   0   0   0   0   0   0   0   0|   0   0   0   0   0   0   0   0   0|   0   0   0   0   0   0   0   0   0|   0   0   0   0   0   0 999   0   0|   0   0   0   0   0   0   0   0   0|   0   0   0   0   0   0   0   0   0|   0   0   0   0   0   0   0   0   0|   0   0   0   0   0   0   0   0   0|
5:    1   0   0   0   0   0   0   1   1|   0   1   1   0   0   0   0   0   1|   0   0   0   0   0   0   0   0   0|   0   1   0   0   1   1   0   0   0|   0   0   0   0   0   0   0   0   0|   0   1   0   0   0   0   0   0   0|   1   0   1   0   1   1   0   1   0|   0   0   1   0   1   1   0   1   1|   0   0   1   0   1   1   0   0   0|
5:    1   0   0   0   0   0   0   1   1|   0   1   1   0   0   0   0   0   1|   0   0   0   0   0   0   0   0   0|   0   1   0   0   1   1   0   0   0|   0   0   0   0   0   0   0   0   0|   0   1   0   0   0   0   0   0   0|   1   0   1   0   1   1   0   1   0|   0   0   1   0   1   1   0   1   1|   0   0   1   0   1   1   0   0   0|
5:    1   0   0   0   0   0   0   1   1|   0   1   1   0   0   0   0   0   1|   0   0   0   0   0   0   0   0   0|   0   1   0   0   1   1   0   0   0|   0   0   0   0   0   0   0   0   0|   0   1   0   0   0   0   0   0   0|   1   0   1   0   1   1   0   1   0|   0   0   1   0   1   1   0   1   1|   0   0   1   0   1   1   0   0   0|
5:    1   0   0   0   0   0   0   1   1|   0   1   1   0   0   0   0   0   1|   0   0   0   0   0   0   0   0   0|   0   1   0   0   1   1   0   0   0|   0   0   0   0   0   0   0   0   0|   0   1   0   0   0   0   0   0   0|   1   0   1   0   1   1   0   1   0|   0   0   1   0   1   1   0   1   1|   0   0   1   0   1   1   0   0   0|
5:    1   0   0   0   0   0   0   1   1|   0   1   1   0   0   0   0   0   1|   0   0   0   0   0   0   0   0   0|   0   1   0   0   1   1   0   0   0|   0   0   0   0   0   0   0   0   0|   0   1   0   0   0   0   0   0   0|   1   0   1   0   1   1   0   1   0|   0   0   1   0   1   1   0   1   1|   0   0   1   0   1   1   0   0   0|
5:    1   0   0   0   0   0   0   1   1|   0   1   1   0   0   0   0   0   1|   0   0   0   0   0   0   0   0   0|   0   1   0   0   1   1   0   0   0|   0   0   0   0   0   0   0   0   0|   0   1   0   0   0   0   0   0   0|   1   0   1   0   1   1   0   1   0|   0   0   1   0   1   1   0   1   1|   0   0   1   0   1   1   0   0   0|
5:    1   0   0   0   0   0   0   1   1|   0   1   1   0   0   0   0   0   1|   0   0   0   0   0   0   0   0   0|   0   1   0   0   1   1   0   0   0|   0   0   0   0   0   0   0   0   0|   0   1   0   0   0   0   0   0   0|   1   0   1   0   1   1   0   1   0|   0   0   1   0   1   1   0   1   1|   0   0   1   0   1   1   0   0   0|
----------------------------------------------------------------------------------------------------------------------------------------------------------------------------------------------------------------------------------------------------------------------------------------------------------------------------------------------------
6:    0   0   0   0   0   0   0   0   0|   0   0   0   0   0   0   0 999   0|   0   0   0   0   0   0   0   0   0|   0   0   0   0   0   0   0   0   0|   0   0   0   0   0   0   0   0   0|   0   0   0   0   0   0   0   0   0|   0   0   0   0   0   0   0   0   0|   0   0   0   0   0   0   0   0   0|   0   0   0   0   0   0   0   0   0|
6:    0   0   0   0   0   0   0   0   0|   0   0   0   0   0   0   0   0   0|   0   0   0   0   0   0   0   0   0|   0   0   0   0   0   0   0   0   0|   0   0   0   0   0   0   0   0   0|   0   0   0   0   0   0   0   0   0|   0 999   0   0   0   0   0   0   0|   0   0   0   0   0   0   0   0   0|   0   0   0   0   0   0   0   0   0|
6:    0   0   0   0   0   0   0   0   0|   0   0   0   0   0   0   0   0   0|   0   0   0   0   0   0   0   0   0|   0   0   0   0   0   0   0   0   0|   0   0   0   0   0   0   0   0   0|   0   0   0   0   0   0   0   0   0|   0   0   0   0   0   0   0   0   0|   0   0   0   0   0   0   0   0   0|   0   0   0   0   0   0   0   0 999|
6:    1   0   0   1   1   1   0   0   0|   0   0   0   0   0   0   0   0   0|   1   0   0   0   1   0   0   0   0|   0   0   0   0   1   1   1   0   0|   1   0   1   1   0   0   0   0   0|   0   0   0   1   0   0   1   0   0|   0   0   0   0   0   0   0   0   0|   0   0   0   0   1   1   0   0   0|   0   0   0   0   0   0   0   0   0|
6:    1   0   0   1   1   1   0   0   0|   0   0   0   0   0   0   0   0   0|   1   0   0   0   1   0   0   0   0|   0   0   0   0   1   1   1   0   0|   1   0   1   1   0   0   0   0   0|   0   0   0   1   0   0   1   0   0|   0   0   0   0   0   0   0   0   0|   0   0   0   0   1   1   0   0   0|   0   0   0   0   0   0   0   0   0|
6:    1   0   0   1   1   1   0   0   0|   0   0   0   0   0   0   0   0   0|   1   0   0   0   1   0   0   0   0|   0   0   0   0   1   1   1   0   0|   1   0   1   1   0   0   0   0   0|   0   0   0   1   0   0   1   0   0|   0   0   0   0   0   0   0   0   0|   0   0   0   0   1   1   0   0   0|   0   0   0   0   0   0   0   0   0|
6:    1   0   0   1   1   1   0   0   0|   0   0   0   0   0   0   0   0   0|   1   0   0   0   1   0   0   0   0|   0   0   0   0   1   1   1   0   0|   1   0   1   1   0   0   0   0   0|   0   0   0   1   0   0   1   0   0|   0   0   0   0   0   0   0   0   0|   0   0   0   0   1   1   0   0   0|   0   0   0   0   0   0   0   0   0|
6:    1   0   0   1   1   1   0   0   0|   0   0   0   0   0   0   0   0   0|   1   0   0   0   1   0   0   0   0|   0   0   0   0   1   1   1   0   0|   1   0   1   1   0   0   0   0   0|   0   0   0   1   0   0   1   0   0|   0   0   0   0   0   0   0   0   0|   0   0   0   0   1   1   0   0   0|   0   0   0   0   0   0   0   0   0|
6:    1   0   0   1   1   1   0   0   0|   0   0   0   0   0   0   0   0   0|   1   0   0   0   1   0   0   0   0|   0   0   0   0   1   1   1   0   0|   1   0   1   1   0   0   0   0   0|   0   0   0   1   0   0   1   0   0|   0   0   0   0   0   0   0   0   0|   0   0   0   0   1   1   0   0   0|   0   0   0   0   0   0   0   0   0|
----------------------------------------------------------------------------------------------------------------------------------------------------------------------------------------------------------------------------------------------------------------------------------------------------------------------------------------------------
7:    0   0   0   0   0   0   0   0   0|   0   0   0   0   0 999   0   0   0|   0   0   0   0   0   0   0   0   0|   0   0   0   0   0   0   0   0   0|   0   0   0   0   0   0   0   0   0|   0   0   0   0   0   0   0   0   0|   0   0   0   0   0   0   0   0   0|   0   0   0   0   0   0   0   0   0|   0   0   0   0   0   0   0   0   0|
7:    0   0   0   0   0   0   0   0   0|   0   0   0   0   0   0   0   0   0|   0   0   0   0   0   0   0   0   0|   0   0   0   0   0   0   0   0   0|   0 999   0   0   0   0   0   0   0|   0   0   0   0   0   0   0   0   0|   0   0   0   0   0   0   0   0   0|   0   0   0   0   0   0   0   0   0|   0   0   0   0   0   0   0   0   0|
7:    0   0   0   0   0   0   0   0   0|   0   0   0   0   0   0   0   0   0|   0   0   0   0   0   0   0   0   0|   0   0   0   0   0   0   0   0   0|   0   0   0   0   0   0   0   0   0|   0   0   0   0   0   0   0   0 999|   0   0   0   0   0   0   0   0   0|   0   0   0   0   0   0   0   0   0|   0   0   0   0   0   0   0   0   0|
7:    0   0   0   0   0   0   0   0   0|   0   0   0   0   0   0   0   0   0|   0   0   0   0   0   0   0   0   0|   0   0   0   0   0   0   0   0   0|   0   0   0   0   0   0   0   0   0|   0   0   0   0   0   0   0   0   0|   0   0   0   0   0   0   0   0   0|   0   0   0   0   0   0   0   0   0| 999   0   0   0   0   0   0   0   0|
7:    0   0   0   0   0   0   0   0   0|   0   0   0   0   0   0   0   0   0|   0   0 999   0   0   0   0   0   0|   0   0   0   0   0   0   0   0   0|   0   0   0   0   0   0   0   0   0|   0   0   0   0   0   0   0   0   0|   0   0   0   0   0   0   0   0   0|   0   0   0   0   0   0   0   0   0|   0   0   0   0   0   0   0   0   0|
7:    0   0   0   0   0   0   0   0   0|   0   0   0   0   0   0   0   0   0|   0   0   0   0   0   0   0   0   0|   0   0   0 999   0   0   0   0   0|   0   0   0   0   0   0   0   0   0|   0   0   0   0   0   0   0   0   0|   0   0   0   0   0   0   0   0   0|   0   0   0   0   0   0   0   0   0|   0   0   0   0   0   0   0   0   0|
7:    0   0   0   0   0   0   1   1   0|   0   0   0   0   0   0   0   0   0|   0   0   0   0   0   0   0   0   0|   0   0   0   0   0   0   0   0   0|   0   0   0   0   0   0   0   0   0|   0   0   0   0   0   0   0   0   0|   0   0   0   0   1   0   1   1   0|   0   0   0   0   1   0   1   1   0|   0   0   0   0   0   0   0   0   0|
7:    0   0   0   0   0   0   1   1   0|   0   0   0   0   0   0   0   0   0|   0   0   0   0   0   0   0   0   0|   0   0   0   0   0   0   0   0   0|   0   0   0   0   0   0   0   0   0|   0   0   0   0   0   0   0   0   0|   0   0   0   0   1   0   1   1   0|   0   0   0   0   1   0   1   1   0|   0   0   0   0   0   0   0   0   0|
7:    0   0   0   0   0   0   1   1   0|   0   0   0   0   0   0   0   0   0|   0   0   0   0   0   0   0   0   0|   0   0   0   0   0   0   0   0   0|   0   0   0   0   0   0   0   0   0|   0   0   0   0   0   0   0   0   0|   0   0   0   0   1   0   1   1   0|   0   0   0   0   1   0   1   1   0|   0   0   0   0   0   0   0   0   0|
----------------------------------------------------------------------------------------------------------------------------------------------------------------------------------------------------------------------------------------------------------------------------------------------------------------------------------------------------
8:    0   0   0   0   0   0   0   0   0|   0   0   0 999   0   0   0   0   0|   0   0   0   0   0   0   0   0   0|   0   0   0   0   0   0   0   0   0|   0   0   0   0   0   0   0   0   0|   0   0   0   0   0   0   0   0   0|   0   0   0   0   0   0   0   0   0|   0   0   0   0   0   0   0   0   0|   0   0   0   0   0   0   0   0   0|
8:    0   0   0   0   0   0   0   0   0|   0   0   0   0   0   0   0   0   0|   0   0   0   0   0   0   0   0   0|   0   0   0   0   0   0   0   0   0|   0   0   0   0   0   0   0   0   0|   0   0 999   0   0   0   0   0   0|   0   0   0   0   0   0   0   0   0|   0   0   0   0   0   0   0   0   0|   0   0   0   0   0   0   0   0   0|
8:    0   0   0   0   0   0   0   0   0|   0   0   0   0   0   0   0   0   0|   0   0   0   0   0   0   0   0   0|   0   0   0   0   0   0   0   0   0|   0   0   0   0   0   0   0   0   0|   0   0   0   0   0   0   0   0   0|   0   0   0   0   0   0   0   0 999|   0   0   0   0   0   0   0   0   0|   0   0   0   0   0   0   0   0   0|
8:    0   0   0   0   0   0   0   0   0|   0   0   0   0   0   0   0   0   0|   0   0   0   0   0   0   0   0   0|   0   0   0   0   0   0   0   0   0|   0   0   0   0 999   0   0   0   0|   0   0   0   0   0   0   0   0   0|   0   0   0   0   0   0   0   0   0|   0   0   0   0   0   0   0   0   0|   0   0   0   0   0   0   0   0   0|
8:    0   0   0   0   0   0   0   0   0|   0   0   0   0   0   0   0   0   0|   0 999   0   0   0   0   0   0   0|   0   0   0   0   0   0   0   0   0|   0   0   0   0   0   0   0   0   0|   0   0   0   0   0   0   0   0   0|   0   0   0   0   0   0   0   0   0|   0   0   0   0   0   0   0   0   0|   0   0   0   0   0   0   0   0   0|
8:    0   0   0   0   0   0   0   0   0|   0   0   0   0   0   0   0   0   0|   0   0   0   0   0   0   0   0   0|   0   0   0   0   0   0   0   0   0|   0   0   0   0   0   0   0   0   0|   0   0   0   0   0   0   0   0   0|   0   0   0   0   0   0   0   0   0| 999   0   0   0   0   0   0   0   0|   0   0   0   0   0   0   0   0   0|
8:    0   0   0   0   0   0   1   1   0|   0   0   0   0   0   0   0   0   0|   0   0   0   0   0   0   0   0   0|   0   0   0   0   0   0   1   1   0|   0   0   0   0   0   0   0   0   0|   0   0   0   0   0   0   0   0   0|   0   0   0   0   0   0   0   0   0|   0   0   0   0   0   0   0   0   0|   0   0   0   0   0   1   0   0   0|
8:    0   0   0   0   0   0   1   1   0|   0   0   0   0   0   0   0   0   0|   0   0   0   0   0   0   0   0   0|   0   0   0   0   0   0   1   1   0|   0   0   0   0   0   0   0   0   0|   0   0   0   0   0   0   0   0   0|   0   0   0   0   0   0   0   0   0|   0   0   0   0   0   0   0   0   0|   0   0   0   0   0   1   0   0   0|
8:    0   0   0   0   0   0   1   1   0|   0   0   0   0   0   0   0   0   0|   0   0   0   0   0   0   0   0   0|   0   0   0   0   0   0   1   1   0|   0   0   0   0   0   0   0   0   0|   0   0   0   0   0   0   0   0   0|   0   0   0   0   0   0   0   0   0|   0   0   0   0   0   0   0   0   0|   0   0   0   0   0   1   0   0   0|
----------------------------------------------------------------------------------------------------------------------------------------------------------------------------------------------------------------------------------------------------------------------------------------------------------------------------------------------------
9:    0   0   0   0   0   0   0   0   0|   0   0   0   0   0   0   0   0   0|   0   0   0   0   0   0   0   0   0|   0   0   0   0   0   0   0   0   0|   0   0   0   0   0   0   0   0   0|   0   0   0   0   0   0   0 999   0|   0   0   0   0   0   0   0   0   0|   0   0   0   0   0   0   0   0   0|   0   0   0   0   0   0   0   0   0|
9:    1   0   0   1   1   1   1   0   1|   0   1   1   0   0   0   1   0   1|   1   0   0   0   1   0   1   0   1|   0   1   0   0   1   1   0   0   0|   1   0   1   1   0   0   0   0   0|   0   0   0   0   0   0   0   0   0|   1   0   1   0   1   1   1   0   0|   0   0   1   0   1   1   1   0   1|   0   0   1   0   1   1   1   0   0|
9:    1   0   0   1   1   1   1   0   1|   0   1   1   0   0   0   1   0   1|   1   0   0   0   1   0   1   0   1|   0   1   0   0   1   1   0   0   0|   1   0   1   1   0   0   0   0   0|   0   0   0   0   0   0   0   0   0|   1   0   1   0   1   1   1   0   0|   0   0   1   0   1   1   1   0   1|   0   0   1   0   1   1   1   0   0|
9:    1   0   0   1   1   1   1   0   1|   0   1   1   0   0   0   1   0   1|   1   0   0   0   1   0   1   0   1|   0   1   0   0   1   1   0   0   0|   1   0   1   1   0   0   0   0   0|   0   0   0   0   0   0   0   0   0|   1   0   1   0   1   1   1   0   0|   0   0   1   0   1   1   1   0   1|   0   0   1   0   1   1   1   0   0|
9:    1   0   0   1   1   1   1   0   1|   0   1   1   0   0   0   1   0   1|   1   0   0   0   1   0   1   0   1|   0   1   0   0   1   1   0   0   0|   1   0   1   1   0   0   0   0   0|   0   0   0   0   0   0   0   0   0|   1   0   1   0   1   1   1   0   0|   0   0   1   0   1   1   1   0   1|   0   0   1   0   1   1   1   0   0|
9:    1   0   0   1   1   1   1   0   1|   0   1   1   0   0   0   1   0   1|   1   0   0   0   1   0   1   0   1|   0   1   0   0   1   1   0   0   0|   1   0   1   1   0   0   0   0   0|   0   0   0   0   0   0   0   0   0|   1   0   1   0   1   1   1   0   0|   0   0   1   0   1   1   1   0   1|   0   0   1   0   1   1   1   0   0|
9:    1   0   0   1   1   1   1   0   1|   0   1   1   0   0   0   1   0   1|   1   0   0   0   1   0   1   0   1|   0   1   0   0   1   1   0   0   0|   1   0   1   1   0   0   0   0   0|   0   0   0   0   0   0   0   0   0|   1   0   1   0   1   1   1   0   0|   0   0   1   0   1   1   1   0   1|   0   0   1   0   1   1   1   0   0|
9:    1   0   0   1   1   1   1   0   1|   0   1   1   0   0   0   1   0   1|   1   0   0   0   1   0   1   0   1|   0   1   0   0   1   1   0   0   0|   1   0   1   1   0   0   0   0   0|   0   0   0   0   0   0   0   0   0|   1   0   1   0   1   1   1   0   0|   0   0   1   0   1   1   1   0   1|   0   0   1   0   1   1   1   0   0|
9:    1   0   0   1   1   1   1   0   1|   0   1   1   0   0   0   1   0   1|   1   0   0   0   1   0   1   0   1|   0   1   0   0   1   1   0   0   0|   1   0   1   1   0   0   0   0   0|   0   0   0   0   0   0   0   0   0|   1   0   1   0   1   1   1   0   0|   0   0   1   0   1   1   1   0   1|   0   0   1   0   1   1   1   0   0|
----------------------------------------------------------------------------------------------------------------------------------------------------------------------------------------------------------------------------------------------------------------------------------------------------------------------------------------------------
